a0=                 0.15173901462698410891
a1=                 0.0865932201733003587
am=                 0.92229893130168671966
aw=                 0.15617869808259607356
b1=                 0.29993466560254522513
bm=                 0.988814934663736822
bw=                 0.036533657295648884478
