a0=                 0.18187013143124033943
a1=                 0.13105310997877600565
am=                 0.96000706388950340919
aw=                 0.011530152292868134367
b1=                 0.04874042560928770057
bm=                 0.96731293476020807631
bw=                 0.0063604621588812066887
