a0=                 -0.61246224078380351319
a1=                 0.99399980374849905562
am=                 0.70752724919102361056
aw=                 12.908770055795780962
b1=                 2.1434782780341401498
bm=                 2.1284502995180005769
bw=                 13.179436510786453951
