a0=                 0.041746812513113885912
a1=                 0.011794717255832896236
am=                 1.0017314785853197456
aw=                 0.08393922991231193842
b1=                 0.18441628763632733623
bm=                 0.98898785431169300431
bw=                 0.088155090242157674307
