a0              = 0.130357
am              = 1.16576
aw              = 25
a1              = 0.0160684
bm              = 0.960856
bw              = 47
b1              = 0.284374

