a0=                 0.15030254515317792441
a1=                 0.14751106174777570135
am=                 0.98515784229792247029
aw=                 0.013874556316683503768
b1=                 0.062226064959975228852
bm=                 0.96408503310913518103
bw=                 0.0076018526442869042981
