a0=                 0.12355820997647691539
a1=                 0.18253685075029335572
am=                 1.0184992990192640594
aw=                 0.27117693256546532288
b1=                 0.23360665700715851911
bm=                 0.94199573099253752773
bw=                 0.00039484927548594022598
