a0=                 0.07034067838367169534
a1=                 0.050799346033812753376
am=                 1.0029185872991464024
aw=                 0.012563534438768878335
b1=                 0.23993625482371419566
bm=                 0.96788572706329512041
bw=                 0.095808411513947172589
