a0=                 0.15218420744162694525
a1=                 0.0027325747238183943112
am=                 1.2027974881767251603
aw=                 0.03
b1=                 0.13731171887956933331
bm=                 1.0211583929683758498
bw=                 0.03