bc0=                -0.156678
bc1=                0.378109
bc2=                0.965912
bd1=                0.431717
bd2=                1.12719
bd3=                4.72487
shape=              1.05123
