a0=                 0.15299028011184842568
a1=                 -0.0020450758615708679658
am=                 1.1981237155792152649
aw=                 0.02751495394830489466
b1=                 0.14462428642619479247
bm=                 1.0218512284629988063
bw=                 2.4128756587706361397e-05
