a0=                 0.14956460278269131936
a1=                 0.13075055639819210818
am=                 0.95788687690133844654
aw=                 6.6604932319720996063e-03
b1=                 0.047545864811944359152
bm=                 0.96653036626506982909
bw=                 0.0019899904667493493148
