a0=                 0.077896384672322502296
a1=                 0.06182832308724394571
am=                 1.0357821430372515792
aw=                 6.8805375125960572334e-03
b1=                 0.15664968364721851279
bm=                 0.93784019988968170267
bw=                 0.06546050995358233815
